.L1
-1
68 0
-1
68 1
-1
68 2
67 1
1 2
-10
68 3
1 4
67 0
-3
67 2
-3
68 4
67 3
67 4
-5
68 5
67 0
1 0
39 .L40
67 1
1 0
39 .L46
67 2
1 0
39 .L52
1 -1
1 1
-3
-2
-9
0
33 .L52
.L52
1 0
-2
-9
0
33 .L46
.L46
1 1
-2
-9
1 -1
67 2
-3
67 1
-4
68 6
67 6
-2
-9
0
33 .L40
.L40
67 5
1 0
35 .L101
1 0
-2
-9
0
33 .L101
.L101
67 5
-7
68 7
67 7
1 0
39 .L120
1 1
-2
-9
1 -2
67 0
-3
68 8
67 1
67 8
-4
68 6
67 6
-2
-9
0
33 .L120
.L120
1 2
-2
-9
1 2
67 0
-3
68 8
67 7
67 1
-5
68 9
1 -1
67 7
-3
67 1
-5
68 10
67 9
67 8
-4
68 11
67 10
67 8
-4
68 12
67 11
-2
-9
67 12
-2
-9
0
0
0
